W3600 [2, 2, 2, 2, 2, 2, 1, 3]
W3650 [2, 2, 2, 2, 2, 2, 1, 3]
W3700 [2, 2, 2, 2, 2, 2, 1, 3]
W3750 [2, 2, 2, 2, 2, 2, 1, 3]
W3800 [2, 2, 2, 2, 2, 2, 1, 3]
W3850 [2, 2, 2, 2, 2, 2, 1, 3]
W3900 [2, 2, 2, 2, 2, 2, 1, 3]
W3950 [2, 2, 2, 2, 2, 2, 1, 3]
W4000 [2, 2, 2, 2, 2, 2, 1, 3]
W4050 [2, 2, 2, 2, 2, 2, 1, 3]
W4100 [2, 2, 2, 2, 2, 2, 1, 3]
W4150 [2, 2, 2, 2, 2, 2, 1, 3]
W4200 [2, 2, 2, 2, 2, 2, 1, 3]
W4250 [2, 2, 2, 2, 2, 2, 1, 3]
W4300 [2, 2, 2, 2, 2, 2, 1, 3]
W4350 [2, 2, 2, 2, 2, 2, 1, 3]
W4400 [2, 2, 2, 2, 2, 2, 1, 3]
W4450 [2, 1, 2, 2, 2, 2, 1, 3]
W4500 [2, 1, 2, 2, 2, 2, 1, 2]
W4550 [2, 1, 2, 2, 2, 2, 1, 2]
W4600 [2, 1, 2, 2, 2, 2, 1, 2]
W4650 [2, 1, 1, 2, 2, 2, 1, 2]
W4700 [2, 1, 1, 2, 2, 2, 1, 2]
W4750 [1, 1, 1, 2, 2, 2, 1, 2]
W4800 [1, 1, 1, 2, 2, 2, 1, 2]
W4850 [1, 1, 1, 2, 2, 2, 1, 2]
W4900 [1, 1, 1, 2, 2, 2, 1, 2]
W4950 [1, 1, 1, 1, 2, 2, 1, 2]
W5000 [1, 1, 1, 1, 2, 2, 1, 2]
W5050 [1, 1, 1, 1, 2, 2, 1, 2]
W5100 [1, 1, 1, 1, 2, 2, 1, 2]
W5150 [1, 1, 1, 1, 2, 2, 1, 2]
W5200 [1, 1, 1, 1, 2, 2, 1, 2]
W5250 [1, 1, 1, 1, 2, 2, 1, 2]
W5300 [1, 1, 1, 1, 2, 2, 1, 2]
W5350 [1, 1, 1, 1, 2, 2, 1, 2]
W5400 [1, 1, 1, 1, 2, 2, 1, 2]
W5450 [1, 1, 1, 1, 2, 2, 1, 2]
W5500 [1, 1, 1, 1, 2, 2, 1, 2]
W5550 [1, 1, 1, 1, 1, 1, 1, 2]
W5600 [1, 1, 1, 1, 1, 1, 1, 2]
W5650 [1, 1, 1, 1, 1, 1, 1, 2]
W5700 [1, 1, 1, 1, 1, 1, 1, 2]
W5750 [1, 1, 1, 1, 1, 1, 1, 2]
W5800 [1, 1, 1, 1, 1, 1, 1, 2]
W5850 [1, 1, 1, 1, 1, 1, 1, 2]
W5900 [1, 1, 1, 1, 1, 1, 1, 2]
W5950 [1, 1, 1, 1, 1, 1, 1, 2]
W6000 [1, 1, 1, 1, 1, 1, 1, 2]
W6050 [1, 1, 1, 1, 1, 1, 1, 2]
W6100 [1, 1, 1, 1, 1, 1, 1, 2]
W6150 [1, 1, 1, 1, 1, 1, 1, 2]
